0 0.066907 0.394017 0.089069 0.464367
0 0.160798 0.254283 0.015166 0.064100
0 0.188758 0.408833 0.036940 0.364667
0 0.237073 0.410250 0.061596 0.413100
0 0.258880 0.251417 0.019889 0.084033
0 0.290621 0.264233 0.026519 0.069800
0 0.322838 0.426650 0.041685 0.428767
0 0.364058 0.420217 0.040754 0.393167
0 0.410488 0.423083 0.038847 0.350433
0 0.464501 0.418100 0.031264 0.314800
0 0.511397 0.402417 0.036009 0.300567
0 0.533670 0.319817 0.029379 0.118233
0 0.595732 0.421650 0.041707 0.242167
0 0.632217 0.366817 0.010421 0.158100
0 0.664435 0.339750 0.019911 0.052700
0 0.798514 0.433050 0.028426 0.264967
0 0.839257 0.436617 0.032217 0.200833
0 0.852993 0.392450 0.025588 0.146700
0 0.925011 0.415250 0.021774 0.172367
0 0.702816 0.396017 0.028426 0.148167
