0 0.147552 0.708233 0.019606 0.071333
0 0.178368 0.677550 0.023340 0.079633
0 0.226914 0.762967 0.036417 0.114467
0 0.337092 0.740583 0.023340 0.076300
0 0.365582 0.740583 0.018668 0.089567
0 0.329165 0.671733 0.011201 0.061400
0 0.238593 0.666750 0.014934 0.061367
0 0.255394 0.665933 0.003734 0.039800
0 0.062589 0.689983 0.015872 0.051433
0 0.841304 0.835133 0.034540 0.132733
0 0.603199 0.685850 0.019606 0.063033
0 0.521970 0.685017 0.021463 0.051433
0 0.502824 0.692483 0.011201 0.049767
0 0.482749 0.675050 0.012139 0.058033
0 0.270807 0.666750 0.010281 0.048100
0 0.403865 0.665933 0.007467 0.023200
0 0.879578 0.705733 0.017730 0.073000
0 0.772674 0.704917 0.018668 0.044767
0 0.992777 0.711550 0.014447 0.081300
0 0.026182 0.644367 0.012139 0.046467
0 0.050910 0.643533 0.013077 0.041467
0 0.378180 0.666767 0.013996 0.031533
0 0.579869 0.685017 0.008405 0.064700
