0 0.202987 0.830500 0.048075 0.096867
0 0.240388 0.815533 0.039525 0.081200
0 0.283125 0.844733 0.020300 0.085467
0 0.532050 0.887467 0.043800 0.108267
0 0.496262 0.911683 0.034175 0.113967
0 0.445512 0.868950 0.022425 0.079767
0 0.374475 0.851850 0.023500 0.076900
0 0.326387 0.816250 0.025625 0.071233
0 0.081200 0.841167 0.031000 0.089733
0 0.115388 0.947300 0.033125 0.065533
0 0.192850 0.933767 0.047000 0.049867
0 0.239312 0.904567 0.009625 0.065533
0 0.256938 0.902417 0.021375 0.061233
0 0.493588 0.806983 0.022425 0.066967
0 0.469550 0.808417 0.032050 0.044167
0 0.436962 0.794867 0.013875 0.054133
0 0.537387 0.814817 0.030975 0.068367
0 0.585475 0.840450 0.020300 0.091167
0 0.569987 0.836900 0.010675 0.084067
0 0.620738 0.812667 0.016025 0.058400
0 0.643162 0.824067 0.018175 0.089733
0 0.673075 0.847583 0.009600 0.088300
0 0.689100 0.821950 0.022450 0.071233
0 0.697650 0.915950 0.028850 0.039900
0 0.724363 0.891733 0.018175 0.099733
0 0.850425 0.915233 0.018150 0.081200
0 0.810362 0.905267 0.025625 0.061267
0 0.125537 0.806267 0.014975 0.039867
0 0.161863 0.831200 0.027775 0.078333
0 0.394775 0.834033 0.032050 0.081200
