0 0.853717 0.480867 0.193277 0.796067
0 0.740459 0.394433 0.108296 0.380600
0 0.678371 0.189183 0.081236 0.352367
0 0.643352 0.026450 0.022397 0.052900
0 0.615346 0.162733 0.061629 0.325467
0 0.553717 0.179217 0.059757 0.295833
0 0.461751 0.036417 0.034551 0.072833
0 0.426264 0.056233 0.030805 0.099733
0 0.450543 0.341250 0.168989 0.506900
0 0.359972 0.232400 0.060693 0.382267
0 0.269869 0.191683 0.085918 0.277567
0 0.207313 0.037250 0.042940 0.074500
0 0.308614 0.058033 0.040150 0.116067
0 0.171358 0.127700 0.071891 0.162867
0 0.073792 0.234883 0.121367 0.184500
0 0.955197 0.224917 0.089607 0.363967
